1734621
1734622
1734623
1734624
1734625
1734626
1734627
1734628
1734629
1734630
1734631
1734632
1734633
1734634
1734635
1734636
1734637
1734638
1734639
1734640
1734641
1734642
1734643
1734644
1734645
1734646
1734647
1734648
1734649
1734650
1734651
1734653
1734654
1734655
1734656
1734657
1734658
1734659
1734660
1734661
1734662
1734663
1734664
1734665
1734666
1734667
1734668
1734669
1734670
1734671
1734672
1734673
1734674
1734675
1734676
1734677
1734678
1734679
1734680
1734681
1734682
1734683
1734684
1734685
1734686
1734687
1734688
1734689
1734690
1734691
1734692
1734693
1734694
1734695
1734696
1734697
1734698
1734699
1734700
1734701
1734702
1734703
1734704
1734705
1734706
1734707
1734708
1734709
1734710
1734711
1734712
1734713
1734714
1734715
1734716
1734717
1734718
1734719
1734720
1734721
1734722
1734723
1734724
1734725
1734726
1734727
1734728
1734729
1734730
1734731
1734732
1734733
1734734
1734735
1734736
1734737
1734738
1734739
1734740
1734741
1734742
1734743
1734744
1734745
1734746
1734747
1734748
1734749
1734750
1734751
1734752
1734753
1734754
1734755
1734756
1734757
1734758
1734759
1734760
1734761
1734762
1734763
1734764
1734765
1734766
1734767
1734768
1734769
1734770
1734771
1734772
1734773
1734774
1734775
1734776
1734777
1734778
1734779
1734879
1734991
1734992
1734993
1734994
1734995
1734996
1734997
1734998
1734999
1735000
1734810
